kinematics:
  shoulder:
    x: 0
    y: 0
    z: 0.1626638452961827
    roll: -0
    pitch: 0
    yaw: -1.136879382995781e-08
  upper_arm:
    x: 0.0002124631697886672
    y: 0
    z: 0
    roll: 1.571037104063579
    pitch: 0
    yaw: 3.959684809416698e-06
  forearm:
    x: -0.4250903494421371
    y: 0
    z: 0
    roll: 3.141517518005181
    pitch: -3.139973518857831
    yaw: -3.141592427009519
  wrist_1:
    x: -0.3921175439598076
    y: -0.0001051816587002759
    z: 0.133213290451302
    roll: 0.0007895731460899094
    pitch: 0.001342069155584807
    yaw: 2.970145274524471e-06
  wrist_2:
    x: -1.391157292680058e-05
    y: -0.09982626870260179
    z: 9.156522970480972e-05
    roll: 1.569879081211988
    pitch: 0
    yaw: -3.240114623687118e-07
  wrist_3:
    x: 5.880896804744838e-05
    y: 0.09952989311972971
    z: 3.885824156958029e-05
    roll: 1.571186744571679
    pitch: 3.141592653589793
    yaw: -3.141592573434905
  hash: calib_10848939019749023817